The exact derivative value is:  -0.5984721441039565
1 0.5 0.2207743819969331 -0.37769776210702344
2 0.25 0.10583709176183709 -0.49263505234211946
3 0.125 0.05156361675155108 -0.5469085273524055
4 0.0625 0.025417143602187164 -0.5730550005017694
5 0.03125 0.012614253138712894 -0.5858578909652437
6 0.015625 0.006283158755769347 -0.5921889853481872
7 0.0078125 0.0031355392858555264 -0.595336604818101
8 0.00390625 0.0015662536266544125 -0.5969058904773021
9 0.001953125 0.000782747061597644 -0.5976893970423589
10 0.0009765625 0.0003912784995546703 -0.5980808656044019
11 0.00048828125 0.00019561548022839492 -0.5982765286237282
12 0.000244140625 9.780179637719488e-05 -0.5983743423075794
13 0.0001220703125 4.8899412226188765e-05 -0.5984232446917304
14 6.103515625e-05 2.4449333372200677e-05 -0.5984476947705843
15 3.0517578125e-05 1.222457497906948e-05 -0.5984599195289775
16 1.52587890625e-05 6.11226126612241e-06 -0.5984660318426904
17 7.62939453125e-06 3.0561189615641027e-06 -0.598469087984995
18 3.814697265625e-06 1.5280659991789847e-06 -0.5984706160379574
19 1.9073486328125e-06 7.640322420288115e-07 -0.5984713800717145
20 9.5367431640625e-07 3.819571557928114e-07 -0.5984717621468008
21 4.76837158203125e-07 1.9103602799663832e-07 -0.5984719530679286
22 2.384185791015625e-07 9.557546409855178e-08 -0.5984720485284925
23 1.1920928955078125e-07 4.7146690218546894e-08 -0.5984720969572663
24 5.960464477539063e-08 2.386362585315993e-08 -0.5984721202403307
25 2.9802322387695312e-08 1.0825109808543232e-08 -0.5984721332788467
26 1.4901161193847656e-08 3.3745292116194037e-09 -0.5984721407294273
27 7.450580596923828e-09 4.0760513853044245e-09 -0.5984721481800079
28 3.725290298461914e-09 4.0760513853044245e-09 -0.5984721481800079
29 1.862645149230957e-09 3.387837377299974e-08 -0.5984721779823303
30 9.313225746154785e-10 2.5726271002390888e-08 -0.5984721183776855
31 4.656612873077393e-10 2.5726271002390888e-08 -0.5984721183776855
32 2.3283064365386963e-10 2.5726271002390888e-08 -0.5984721183776855
33 1.1641532182693481e-10 4.511108872007341e-07 -0.5984725952148438
34 5.820766091346741e-11 4.511108872007341e-07 -0.5984725952148438
35 2.9103830456733704e-11 4.511108872007341e-07 -0.5984725952148438
36 1.4551915228366852e-11 4.511108872007341e-07 -0.5984725952148438
37 7.275957614183426e-12 8.080505418450734e-06 -0.598480224609375
38 3.637978807091713e-12 8.080505418450734e-06 -0.598480224609375
39 1.8189894035458565e-12 3.8598083543450734e-05 -0.5985107421875
40 9.094947017729282e-13 3.8598083543450734e-05 -0.5985107421875
41 4.547473508864641e-13 0.00016066839604345073 -0.5986328125
42 2.2737367544323206e-13 0.00016066839604345073 -0.5986328125
43 1.1368683772161603e-13 0.00016066839604345073 -0.5986328125
